1	QB	Cam Newton	CAR	7	23.6	19.4	25.7	27.2	23.1	0.0	15.0	29.4	22.4	21.6	19.2	26.8	22.5	22.2	29.8	20.1	24.3	28.3
2	QB	Tom Brady	NE	9	20.9	27.2	15.2	23.0	0.0	21.9	17.8	22.5	19.6	26.1	19.6	18.5	16.9	28.6	20.5	22.9	18.4	16.0
3	QB	Andrew Luck	IND	10	20.4	14.4	21.4	17.8	21.9	19.4	22.4	25.1	16.6	19.7	0.0	22.5	26.2	21.1	17.9	23.8	15.3	21.7
4	QB	Russell Wilson	SEA	5	20.4	18.7	16.2	26.6	20.9	19.0	20.2	14.8	20.7	0.0	26.3	18.1	25.6	15.4	19.8	19.2	22.9	21.5
5	QB	Aaron Rodgers	GB	4	20.2	23.0	17.7	18.0	15.6	24.1	18.8	0.0	16.8	17.4	22.0	16.2	28.1	18.0	26.6	18.9	22.7	19.8
6	RB	LeVeon Bell	PIT	8	19.7	15.9	18.7	17.3	17.7	20.6	20.8	21.1	23.1	23.8	27.2	0.0	14.2	22.4	18.9	17.0	14.5	22.2
7	QB	Blake Bortles	JAC	5	19.5	19.5	19.5	19.5	19.5	19.5	19.5	19.5	0.0	19.5	19.5	19.5	19.5	19.5	19.5	19.5	19.5	19.5
8	QB	Drew Brees	NO	5	19.2	19.1	23.1	14.7	22.5	19.6	24.3	14.9	20.1	19.2	17.9	0.0	17.2	17.9	18.9	18.5	19.3	19.9
9	QB	Ben Roethlisberger	PIT	8	18.2	17.3	17.3	17.8	23.1	13.9	25.0	13.3	22.1	20.8	18.2	0.0	13.1	19.5	18.1	18.5	18.9	14.9
10	QB	Carson Palmer	ARI	9	17.4	22.1	19.3	16.1	20.3	15.1	18.6	21.5	13.9	0.0	12.2	20.6	13.2	16.6	16.7	19.6	17.6	14.9
11	QB	Matt Ryan	ATL	11	16.5	21.4	14.7	16.4	18.7	19.5	16.2	14.0	20.6	11.8	0.0	16.3	15.0	16.9	13.1	14.1	16.0	19.8
12	QB	Andy Dalton	CIN	9	16.5	15.4	15.3	17.0	14.7	14.4	12.3	0.0	18.0	16.4	20.2	18.5	19.7	13.5	22.0	12.7	13.7	20.8
13	RB	Todd Gurley	LA	8	16.3	15.0	14.4	15.9	14.7	17.1	0.0	23.5	16.2	17.6	19.1	12.5	16.4	17.9	14.4	19.7	12.3	13.3
14	QB	Derek Carr	OAK	10	16.1	19.9	20.8	13.5	18.7	16.7	0.0	12.5	18.2	18.0	16.2	14.6	15.1	14.7	13.7	17.0	15.3	12.0
15	QB	Kirk Cousins	WAS	9	15.9	13.8	17.0	13.7	20.1	16.6	12.9	19.3	0.0	13.5	18.6	12.3	16.8	18.8	16.2	13.0	16.4	15.4
16	QB	Marcus Mariota	TEN	13	15.9	16.9	12.5	16.4	0.0	13.9	14.8	21.8	15.4	16.3	16.1	14.2	17.5	17.3	13.8	14.5	18.8	13.4
17	QB	Tony Romo	DAL	7	15.3	16.7	16.3	20.2	15.1	16.5	0.0	13.7	12.4	20.0	15.7	11.2	15.0	14.9	12.0	15.7	10.6	18.2
18	RB	David Johnson	ARI	9	15.0	20.5	14.2	14.7	16.6	10.7	11.8	13.9	17.4	0.0	11.2	18.1	12.0	13.5	19.5	13.8	18.9	13.6
19	QB	Eli Manning	NYG	8	14.7	14.5	19.1	17.2	10.0	12.7	15.4	17.7	14.3	14.9	15.5	0.0	14.1	14.8	10.6	14.1	10.8	18.9
20	QB	David Carr	NYG	8	14.5	14.3	18.9	17.0	9.9	12.6	15.3	17.5	14.1	14.7	15.4	0.0	13.9	14.7	10.5	14.0	10.7	18.7
21	RB	Devonta Freeman	ATL	11	14.3	14.8	15.0	10.8	13.7	14.1	14.8	15.2	15.8	10.6	0.0	15.5	17.2	12.9	12.3	12.2	15.1	18.1
22	WR	Antonio Brown	PIT	8	14.2	13.5	13.5	13.9	18.0	10.8	19.5	10.4	17.2	16.2	14.2	0.0	10.2	15.2	14.1	14.5	14.7	11.6
23	QB	Tyrod Taylor	BUF	10	14.1	11.8	13.2	17.1	15.4	14.1	10.9	15.9	13.1	0.0	16.0	16.9	11.6	11.1	12.4	12.6	18.9	14.0
24	QB	Matthew Stafford	DET	10	13.7	10.2	10.8	13.7	9.6	18.4	18.7	13.2	9.8	0.0	11.4	15.3	18.9	13.9	13.1	14.3	12.7	15.3
25	WR	Odell Beckham Jr	NYG	8	13.4	13.2	17.4	15.7	9.1	11.6	14.1	16.1	13.0	13.6	14.2	0.0	12.8	13.5	9.7	12.9	9.8	17.2
26	QB	Philip Rivers	SD	11	13.4	14.6	13.3	10.8	13.4	17.9	11.4	15.3	13.9	18.6	0.0	12.0	12.4	13.6	9.8	12.9	12.5	11.2
27	RB	Adrian Peterson	MIN	6	13.3	10.4	11.3	17.0	9.4	0.0	17.5	9.2	12.2	14.3	13.2	16.3	13.0	11.8	11.5	15.0	17.9	13.4
28	RB	Jamaal Charles	KC	5	13.1	10.8	11.4	13.2	12.6	14.8	13.6	12.3	11.2	0.0	9.3	13.8	13.4	13.0	16.8	9.7	18.2	15.9
29	QB	Ryan Fitzpatrick	NYJ	11	12.8	12.6	11.0	17.7	9.9	0.0	16.1	11.9	11.7	14.2	11.5	12.7	12.1	12.1	14.1	13.6	14.6	9.4
30	DEF	Arizona Defense	ARI	9	12.8	13.9	11.7	13.9	13.9	11.7	11.7	13.9	11.7	0.0	11.7	13.9	11.7	11.7	13.9	11.7	13.9	13.9
31	QB	Jameis Winston	TB	6	12.8	12.7	12.0	11.4	11.9	12.8	0.0	11.9	13.2	13.3	14.9	13.0	9.9	16.1	14.7	11.0	15.7	9.7
32	RB	Mark Ingram	NO	5	12.8	10.8	14.5	11.4	12.2	11.2	15.0	11.7	16.9	17.1	10.7	0.0	10.3	13.9	11.9	10.7	13.8	12.2
33	WR	Julio Jones	ATL	11	12.3	16.0	10.9	12.2	14.0	14.6	12.1	10.4	15.4	8.8	0.0	12.2	11.2	12.6	9.8	10.5	12.0	14.8
34	DEF	Denver Defense	DEN	11	12.2	13.2	11.2	11.2	13.2	11.2	11.2	0.0	13.2	11.2	13.2	11.2	13.2	11.2	13.2	11.2	13.2	13.2
35	TE	Jordan Reed	WAS	9	11.8	10.2	12.6	10.2	14.9	12.3	9.6	14.3	0.0	10.0	13.7	9.1	12.4	13.9	12.0	9.6	12.2	11.4
36	QB	Ryan Tannehill	MIA	8	11.7	11.8	10.4	10.2	12.4	0.0	10.3	13.8	10.6	8.4	12.9	14.8	10.2	14.2	13.2	8.5	12.0	13.0
37	DEF	Seattle Defense	SEA	5	11.6	10.6	10.6	12.6	12.6	10.6	12.6	10.6	10.6	0.0	12.6	12.6	12.6	10.6	10.6	12.6	12.6	10.6
38	RB	LeSean McCoy	BUF	10	11.6	13.0	11.3	11.6	15.4	12.7	13.4	10.3	0.0	14.2	8.6	9.2	12.3	11.5	10.2	9.7	11.1	10.5
39	QB	Peyton Manning	DEN	11	11.5	14.6	8.5	10.3	11.4	10.8	9.5	0.0	12.0	10.1	10.3	13.2	13.4	8.8	13.2	12.6	14.0	10.8
40	TE	Rob Gronkowski	NE	9	11.4	14.8	8.3	12.6	0.0	12.0	9.7	12.3	10.7	14.2	10.7	10.1	9.2	15.6	11.2	12.5	10.0	8.8
41	WR	Dez Bryant	DAL	7	11.4	12.5	12.2	15.1	11.3	12.3	0.0	10.2	9.3	14.9	11.7	8.4	11.2	11.1	9.0	11.7	7.9	13.6
42	RB	Doug Martin	TB	6	11.2	14.5	11.5	8.7	11.7	11.6	0.0	9.0	10.4	14.3	10.3	9.5	9.9	12.7	14.1	9.3	11.9	9.6
43	WR	DeAndre Hopkins	HOU	9	11.2	9.7	9.4	14.8	12.7	11.7	10.1	8.6	12.2	0.0	10.8	12.1	14.2	8.1	12.6	9.5	10.0	12.3
44	QB	Colin Kaepernick	SF	8	11.0	10.2	11.3	11.6	10.7	10.0	13.1	9.1	10.1	14.7	0.0	7.4	14.2	11.8	8.5	12.5	9.2	12.4
45	RB	Matt Forte	CHI	9	11.0	13.7	11.7	8.0	13.5	12.0	7.7	0.0	14.0	11.6	9.8	9.6	11.2	10.6	11.6	11.5	10.5	9.5
46	WR	Allen Robinson	JAC	5	11.0	11.0	11.0	11.0	11.0	11.0	11.0	11.0	0.0	11.0	11.0	11.0	11.0	11.0	11.0	11.0	11.0	11.0
47	TE	Greg Olsen	CAR	7	11.0	9.0	12.0	12.7	10.8	0.0	7.0	13.7	10.4	10.1	8.9	12.5	10.5	10.4	13.9	9.4	11.3	13.2
48	DEF	Carolina Defense	CAR	7	10.8	9.9	11.7	11.7	9.9	0.0	9.9	11.7	11.7	11.7	9.9	11.7	9.9	9.9	11.7	9.9	9.9	11.7
49	WR	A.J. Green	CIN	9	10.5	9.8	9.7	10.8	9.3	9.2	7.8	0.0	11.4	10.4	12.9	11.7	12.5	8.5	14.0	8.1	8.7	13.2
50	RB	Latavius Murray	OAK	10	10.5	12.0	9.2	11.6	9.4	8.9	0.0	10.7	9.4	7.8	12.9	7.1	11.4	13.4	7.3	12.5	13.1	11.0
51	QB	Jay Cutler	CHI	9	10.4	11.0	14.6	7.6	12.1	7.8	9.5	0.0	10.4	8.1	10.4	10.8	9.0	10.1	13.6	8.5	11.8	11.6
52	DEF	Kansas City Defense	KC	5	10.4	9.6	11.2	9.6	9.6	11.2	9.6	11.2	11.2	0.0	9.6	9.6	11.2	9.6	11.2	9.6	11.2	11.2
53	DEF	Houston Defense	HOU	9	10.4	11.2	9.6	11.2	9.6	11.2	9.6	9.6	11.2	0.0	9.6	11.2	11.2	9.6	11.2	9.6	9.6	11.2
54	DEF	Los Angeles Defense	LA	8	10.4	11.2	9.6	11.2	9.6	9.6	0.0	11.2	11.2	9.6	11.2	9.6	9.6	11.2	11.2	11.2	9.6	9.6
55	WR	Jordy Nelson	GB	4	10.4	11.7	9.1	9.2	8.0	12.3	9.6	0.0	8.6	8.9	11.2	8.3	14.4	9.2	13.6	9.7	11.6	10.1
56	RB	Eddie Lacy	GB	4	10.3	9.7	9.3	13.8	8.2	11.3	13.5	0.0	7.5	9.5	8.9	10.9	11.8	7.3	10.2	10.4	9.1	13.3
57	DEF	NY Jets Defense	NYJ	11	10.2	11.0	9.4	11.0	9.4	0.0	11.0	9.4	9.4	11.0	11.0	9.4	11.0	9.4	11.0	9.4	11.0	9.4
58	DEF	Cincinnati Defense	CIN	9	10.0	9.2	10.8	9.2	10.8	10.8	9.2	0.0	9.2	10.8	10.8	9.2	10.8	9.2	10.8	9.2	9.2	10.8
59	DEF	Buffalo Defense	BUF	10	10.0	10.8	10.8	9.2	10.8	9.2	10.8	9.2	0.0	10.8	9.2	9.2	9.2	10.8	9.2	9.2	10.8	10.8
60	RB	Lamar Miller	MIA	8	10.0	8.8	9.3	10.5	9.5	0.0	11.5	10.4	8.3	8.6	9.2	10.0	7.7	9.3	13.9	10.8	11.8	10.2
61	WR	Mike Evans	TB	6	9.8	9.7	9.2	8.7	9.1	9.8	0.0	9.1	10.1	10.2	11.4	10.0	7.6	12.3	11.3	8.5	12.0	7.5
62	TE	Delanie Walker	TEN	13	9.7	10.4	7.7	10.0	0.0	8.5	9.0	13.3	9.4	10.0	9.8	8.7	10.7	10.6	8.5	8.9	11.5	8.2
63	WR	Brandin Cooks	NO	5	9.7	9.6	11.6	7.4	11.3	9.9	12.2	7.5	10.1	9.6	9.0	0.0	8.6	9.0	9.5	9.3	9.7	10.0
64	DEF	Minnesota Defense	MIN	6	9.6	8.8	10.4	10.4	8.8	0.0	10.4	8.8	8.8	10.4	8.8	10.4	8.8	10.4	8.8	10.4	10.4	8.8
65	WR	Brandon Marshall	NYJ	11	9.6	9.4	8.2	13.2	7.4	0.0	12.0	8.9	8.8	10.6	8.6	9.5	9.1	9.0	10.6	10.1	10.9	7.0
66	RB	Arian Foster	HOU	9	9.6	11.8	8.2	10.4	8.8	10.3	8.1	9.2	12.3	0.0	8.7	8.3	12.0	7.5	8.9	8.4	10.1	9.9
67	DEF	New England Defense	NE	9	9.4	10.1	8.7	10.1	0.0	8.7	8.7	10.1	10.1	10.1	8.7	10.1	8.7	10.1	8.7	10.1	8.7	8.7
68	WR	Demaryius Thomas	DEN	11	9.4	12.0	6.9	8.4	9.3	8.9	7.8	0.0	9.8	8.3	8.5	10.8	11.0	7.2	10.8	10.4	11.5	8.8
69	RB	Jeremy Langford	CHI	9	9.4	11.6	10.0	6.8	11.5	10.2	6.6	0.0	11.9	9.9	8.3	8.2	9.5	9.0	9.8	9.8	9.0	8.0
70	WR	Julian Edelman	NE	9	9.4	12.2	6.8	10.3	0.0	9.8	8.0	10.1	8.8	11.7	8.8	8.3	7.6	12.8	9.2	10.2	8.2	7.2
71	QB	Joe Flacco	BAL	8	9.3	7.8	8.8	11.4	10.3	9.4	7.3	10.5	8.7	0.0	10.6	11.2	7.7	7.4	8.2	8.4	12.5	9.3
72	RB	DeMarco Murray	PHI	4	9.3	9.0	9.0	7.0	7.9	12.3	12.5	8.4	0.0	7.3	11.5	10.7	6.4	7.5	9.5	9.8	9.6	10.2
73	RB	TJ Yeldon	JAC	5	9.2	9.2	9.2	9.2	9.2	9.2	9.2	9.2	0.0	9.2	9.2	9.2	9.2	9.2	9.2	9.2	9.2	9.2
74	DEF	Pittsburgh Defense	PIT	8	9.2	8.5	9.9	8.5	9.9	8.5	9.9	8.5	9.9	9.9	9.9	0.0	8.5	9.9	8.5	9.9	8.5	8.5
75	DEF	Green Bay Defense	GB	4	9.2	8.5	9.9	9.9	8.5	9.9	9.9	0.0	8.5	8.5	9.9	8.5	9.9	8.5	9.9	8.5	8.5	9.9
76	DEF	Miami Defense	MIA	8	9.2	8.5	8.5	9.9	9.9	0.0	8.5	9.9	8.5	8.5	8.5	9.9	8.5	9.9	9.9	8.5	9.9	9.9
77	WR	Jarvis Landry	MIA	8	9.2	9.2	8.2	8.0	9.7	0.0	8.1	10.8	8.3	6.6	10.1	11.6	8.0	11.1	10.4	6.7	9.4	10.2
78	PK	Graham Gano	CAR	7	9.1	8.2	10.0	10.0	8.2	0.0	8.2	10.0	10.0	10.0	8.2	10.0	8.2	8.2	10.0	8.2	8.2	10.0
79	TE	Tyler Eifert	CIN	9	9.1	8.4	8.4	9.3	8.1	7.9	6.7	0.0	9.9	9.0	11.1	10.1	10.8	7.4	12.1	7.0	7.5	11.4
80	PK	Stephen Gostkowski	NE	9	9.0	9.9	8.1	9.9	0.0	8.1	8.1	9.9	9.9	9.9	8.1	9.9	8.1	9.9	8.1	9.9	8.1	8.1
81	WR	Alshon Jeffery	CHI	9	9.0	9.5	12.5	6.6	10.4	6.7	8.1	0.0	9.0	7.0	8.9	9.3	7.7	8.7	11.7	7.4	10.1	10.0
82	WR	Keenan Allen	SD	11	9.0	9.8	8.9	7.2	9.0	12.0	7.6	10.3	9.3	12.5	0.0	8.0	8.3	9.2	6.6	8.7	8.4	7.5
83	TE	Travis Kelce	KC	5	8.9	9.0	9.1	7.5	8.8	12.4	7.2	11.9	9.7	0.0	7.4	6.8	8.1	8.3	8.3	9.2	8.9	10.2
84	RB	Carlos Hyde	SF	8	8.9	11.3	6.9	7.8	11.0	9.9	8.1	7.9	7.9	10.7	0.0	6.5	9.5	8.3	10.2	10.6	6.3	9.6
85	RB	Marshawn Lynch	SEA	5	8.9	8.0	9.2	10.3	7.8	8.8	10.1	7.1	7.2	0.0	9.6	8.7	8.5	9.4	6.7	12.6	9.8	7.9
86	RB	Dion Lewis	CLE	13	8.8	6.9	12.5	11.1	9.6	6.8	8.0	8.1	9.7	8.8	7.0	0.0	8.3	10.8	8.7	6.6	9.9	8.6
87	RB	Jeremy Hill	CIN	9	8.7	8.9	11.4	6.6	11.8	7.9	7.5	0.0	6.9	12.4	9.0	7.7	9.6	10.1	8.4	7.0	6.3	8.1
88	WR	Kelvin Benjamin	CAR	7	8.7	7.1	9.5	10.0	8.5	0.0	5.5	10.8	8.3	8.0	7.1	9.9	8.3	8.2	11.0	7.4	9.0	10.4
89	RB	CJ Anderson	DEN	11	8.6	7.3	8.8	5.7	10.3	8.1	9.2	0.0	10.0	7.6	10.7	7.5	8.0	8.5	9.9	6.2	9.6	10.4
90	QB	Alex Smith	KC	5	8.4	8.5	8.6	7.1	8.3	11.7	6.8	11.2	9.2	0.0	7.0	6.4	7.7	7.9	7.8	8.7	8.4	9.6
91	DEF	Detroit Defense	DET	10	8.4	7.8	7.8	9.0	7.8	9.0	9.0	9.0	7.8	0.0	7.8	9.0	9.0	9.0	7.8	7.8	9.0	7.8
92	QB	Garrett Grayson	NO	5	8.4	8.4	10.1	6.4	9.8	8.6	10.6	6.5	8.8	8.4	7.8	0.0	7.5	7.8	8.2	8.1	8.4	8.7
93	RB	Jonathan Stewart	CAR	7	8.3	7.1	7.9	10.5	7.5	0.0	5.7	8.6	9.0	9.7	8.8	8.2	6.3	8.6	9.4	8.7	7.7	9.2
94	WR	Amari Cooper	OAK	10	8.2	10.2	10.7	6.9	9.6	8.6	0.0	6.4	9.3	9.2	8.3	7.5	7.7	7.5	7.0	8.7	7.8	6.2
95	DEF	Philadelphia Defense	PHI	4	8.2	7.6	8.8	7.6	7.6	8.8	8.8	7.6	0.0	7.6	8.8	8.8	7.6	7.6	8.8	8.8	8.8	7.6
96	DEF	Chicago Defense	CHI	9	8.2	8.8	8.8	7.6	8.8	7.6	7.6	0.0	8.8	7.6	7.6	8.8	7.6	8.8	8.8	7.6	7.6	8.8
97	DEF	Cleveland Defense	CLE	13	8.2	7.6	8.8	8.8	7.6	7.6	8.8	7.6	8.8	7.6	7.6	0.0	8.8	8.8	8.8	7.6	7.6	8.8
98	PK	Chandler Catanzaro	ARI	9	8.2	9.0	7.4	9.0	9.0	7.4	7.4	9.0	7.4	0.0	7.4	9.0	7.4	7.4	9.0	7.4	9.0	9.0
99	PK	Dan Bailey	DAL	7	8.2	9.0	7.4	9.0	7.4	9.0	0.0	7.4	9.0	9.0	7.4	7.4	9.0	7.4	7.4	9.0	7.4	9.0
100	TE	Jimmy Graham	SEA	5	8.1	7.5	6.5	10.6	8.3	7.6	8.1	5.9	8.3	0.0	10.5	7.2	10.2	6.2	7.9	7.7	9.1	8.6
101	PK	Steven Hauschka	SEA	5	8.1	7.3	7.3	8.9	8.9	7.3	8.9	7.3	7.3	0.0	8.9	8.9	8.9	7.3	7.3	8.9	8.9	7.3
102	PK	Brandon McManus	DEN	11	8.1	8.9	7.3	7.3	8.9	7.3	7.3	0.0	8.9	7.3	8.9	7.3	8.9	7.3	8.9	7.3	8.9	8.9
103	PK	Mason Crosby	GB	4	8.1	7.3	8.9	8.9	7.3	8.9	8.9	0.0	7.3	7.3	8.9	7.3	8.9	7.3	8.9	7.3	7.3	8.9
104	PK	Justin Tucker	BAL	8	8.0	7.2	7.2	8.8	7.2	8.8	7.2	7.2	8.8	0.0	8.8	8.8	7.2	7.2	8.8	8.8	8.8	7.2
105	PK	Cairo Santos	KC	5	8.0	7.2	8.8	7.2	7.2	8.8	7.2	8.8	8.8	0.0	7.2	7.2	8.8	7.2	8.8	7.2	8.8	8.8
106	RB	Justin Forsett	BAL	8	8.0	5.5	7.7	9.2	6.0	10.8	6.1	6.7	10.0	0.0	8.6	8.4	8.8	7.9	6.9	10.2	7.3	7.5
107	WR	T.Y. Hilton	IND	10	7.8	5.5	8.2	6.8	8.4	7.5	8.6	9.6	6.4	7.5	0.0	8.6	10.0	8.1	6.9	9.1	5.8	8.3
108	DEF	Dallas Defense	DAL	7	7.8	8.4	7.2	8.4	7.2	8.4	0.0	7.2	8.4	8.4	7.2	7.2	8.4	7.2	7.2	8.4	7.2	8.4
109	RB	Melvin Gordon	SD	11	7.8	6.5	7.3	7.9	10.6	7.1	7.7	9.2	5.6	8.6	0.0	10.0	6.9	6.6	8.2	9.5	7.6	5.4
110	WR	Martavis Bryant	PIT	8	7.8	7.4	7.3	7.6	9.8	5.9	10.6	5.7	9.4	8.8	7.7	0.0	5.6	8.3	7.7	7.9	8.0	6.3
111	WR	Calvin Johnson	DET	10	7.7	5.7	6.1	7.7	5.4	10.3	10.5	7.4	5.5	0.0	6.4	8.6	10.6	7.8	7.4	8.0	7.1	8.6
112	PK	Blair Walsh	MIN	6	7.6	6.8	8.4	8.4	6.8	0.0	8.4	6.8	6.8	8.4	6.8	8.4	6.8	8.4	6.8	8.4	8.4	6.8
113	PK	Adam Vinatieri	IND	10	7.6	6.8	8.4	6.8	8.4	6.8	8.4	8.4	6.8	8.4	0.0	6.8	8.4	6.8	6.8	8.4	6.8	8.4
114	PK	Matt Bryant	ATL	11	7.6	8.4	6.8	6.8	8.4	8.4	6.8	6.8	8.4	6.8	0.0	8.4	8.4	6.8	6.8	6.8	8.4	8.4
115	TE	Julius Thomas	JAC	5	7.6	7.6	7.6	7.6	7.6	7.6	7.6	7.6	0.0	7.6	7.6	7.6	7.6	7.6	7.6	7.6	7.6	7.6
116	WR	Josh Gordon	CLE	13	7.6	6.6	8.2	8.3	5.5	7.5	7.4	7.1	10.0	7.2	8.0	0.0	9.2	8.8	6.9	5.2	5.3	9.7
117	QB	Brock Osweiler	DEN	11	7.6	9.6	5.6	6.8	7.5	7.1	6.2	0.0	7.9	6.7	6.8	8.7	8.8	5.8	8.7	8.3	9.2	7.1
118	WR	Doug Baldwin	SEA	5	7.5	6.9	6.0	9.8	7.7	7.0	7.5	5.5	7.6	0.0	9.7	6.7	9.5	5.7	7.3	7.1	8.5	7.9
119	WR	Jordan Matthews	PHI	4	7.5	7.9	9.0	6.2	7.1	8.9	8.0	5.9	0.0	7.3	6.6	9.2	6.1	6.5	6.2	9.3	8.7	6.6
120	DEF	NY Giants Defense	NYG	8	7.4	6.9	7.9	7.9	6.9	7.9	6.9	7.9	6.9	6.9	7.9	0.0	6.9	7.9	6.9	7.9	6.9	7.9
121	DEF	Indianapolis Defense	IND	10	7.4	6.9	7.9	6.9	7.9	6.9	7.9	7.9	6.9	7.9	0.0	6.9	7.9	6.9	6.9	7.9	6.9	7.9
122	DEF	Jacksonville Defense	JAC	5	7.4	7.4	7.4	7.4	7.4	7.4	7.4	7.4	0.0	7.4	7.4	7.4	7.4	7.4	7.4	7.4	7.4	7.4
123	DEF	New Orleans Defense	NO	5	7.4	6.9	7.9	6.9	7.9	6.9	7.9	6.9	7.9	7.9	6.9	0.0	6.9	7.9	6.9	7.9	7.9	6.9
124	WR	Randall Cobb	GB	4	7.4	8.4	6.5	6.6	5.7	8.8	6.8	0.0	6.1	6.4	8.0	5.9	10.2	6.6	9.7	6.9	8.3	7.2
125	TE	Austin Seferian-Jenkins	TB	6	7.4	7.3	6.9	6.6	6.9	7.4	0.0	6.9	7.6	7.7	8.6	7.5	5.7	9.3	8.5	6.4	9.1	5.6
126	PK	Robbie Gould	CHI	9	7.3	8.0	8.0	6.6	8.0	6.6	6.6	0.0	8.0	6.6	6.6	8.0	6.6	8.0	8.0	6.6	6.6	8.0
127	DEF	Oakland Defense	OAK	10	7.2	7.7	7.7	6.7	6.7	7.7	0.0	6.7	7.7	6.7	7.7	6.7	6.7	7.7	6.7	7.7	7.7	6.7
128	DEF	San Diego Defense	SD	11	7.2	7.7	6.7	6.7	7.7	7.7	6.7	7.7	6.7	7.7	0.0	7.7	6.7	7.7	6.7	7.7	6.7	6.7
129	PK	Josh Brown	NYG	8	7.2	6.5	7.9	7.9	6.5	7.9	6.5	7.9	6.5	6.5	7.9	0.0	6.5	7.9	6.5	7.9	6.5	7.9
130	PK	Cody Parkey	PHI	4	7.2	6.5	7.9	6.5	6.5	7.9	7.9	6.5	0.0	6.5	7.9	7.9	6.5	6.5	7.9	7.9	7.9	6.5
131	PK	Matt Prater	DET	10	7.2	6.5	6.5	7.9	6.5	7.9	7.9	7.9	6.5	0.0	6.5	7.9	7.9	7.9	6.5	6.5	7.9	6.5
132	PK	Billy Cundiff	CLE	13	7.2	6.5	7.9	7.9	6.5	6.5	7.9	6.5	7.9	6.5	6.5	0.0	7.9	7.9	7.9	6.5	6.5	7.9
133	WR	Jeremy Maclin	KC	5	7.1	7.2	7.2	6.0	7.1	9.9	5.7	9.5	7.7	0.0	5.9	5.4	6.5	6.6	6.6	7.4	7.1	8.1
134	WR	Emmanuel Sanders	DEN	11	7.1	9.1	5.3	6.4	7.1	6.7	5.9	0.0	7.4	6.3	6.4	8.2	8.3	5.5	8.2	7.9	8.7	6.7
135	PK	Sebastian Janikowski	OAK	10	7.1	7.8	7.8	6.4	6.4	7.8	0.0	6.4	7.8	6.4	7.8	6.4	6.4	7.8	6.4	7.8	7.8	6.4
136	PK	David Akers	FA	12	7.1	7.1	7.1	7.1	7.1	7.1	7.1	7.1	7.1	7.1	7.1	7.1	0.0	7.1	7.1	7.1	7.1	7.1
137	WR	Larry Fitzgerald	ARI	9	7.1	9.0	7.9	6.5	8.3	6.2	7.6	8.7	5.7	0.0	5.0	8.4	5.4	6.8	6.8	8.0	7.2	6.1
138	RB	Danny Woodhead	SD	11	7.1	5.9	6.7	7.1	9.6	6.5	6.9	8.4	5.1	7.8	0.0	9.1	6.2	6.0	7.4	8.6	6.9	4.9
139	DEF	Tampa Bay Defense	TB	6	7.0	7.5	6.5	6.5	7.5	7.5	0.0	6.5	6.5	7.5	7.5	6.5	6.5	7.5	7.5	6.5	7.5	6.5
140	DEF	San Francisco Defense	SF	8	7.0	7.5	6.5	6.5	7.5	6.5	7.5	7.5	6.5	7.5	0.0	6.5	7.5	6.5	6.5	7.5	6.5	7.5
141	DEF	Tennessee Defense	TEN	13	7.0	6.5	6.5	7.5	0.0	7.5	7.5	7.5	6.5	6.5	7.5	6.5	7.5	7.5	6.5	6.5	7.5	6.5
142	DEF	Washington Defense	WAS	9	7.0	7.5	7.5	6.5	7.5	6.5	6.5	7.5	0.0	6.5	7.5	6.5	7.5	7.5	6.5	7.5	6.5	6.5
143	DEF	Baltimore Defense	BAL	8	7.0	6.5	6.5	7.5	6.5	7.5	6.5	6.5	7.5	0.0	7.5	7.5	6.5	6.5	7.5	7.5	7.5	6.5
144	DEF	Atlanta Defense	ATL	11	7.0	7.5	6.5	6.5	7.5	7.5	6.5	6.5	7.5	6.5	0.0	7.5	7.5	6.5	6.5	6.5	7.5	7.5
145	WR	Eric Decker	NYJ	11	7.0	6.9	6.0	9.6	5.4	0.0	8.8	6.5	6.4	7.8	6.2	6.9	6.6	6.6	7.7	7.4	7.9	5.1
146	WR	Allen Hurns	JAC	5	7.0	7.0	7.0	7.0	7.0	7.0	7.0	7.0	0.0	7.0	7.0	7.0	7.0	7.0	7.0	7.0	7.0	7.0
147	TE	Benjamin Watson	NO	5	7.0	6.9	8.4	5.3	8.1	7.1	8.8	5.4	7.3	6.9	6.5	0.0	6.2	6.5	6.8	6.7	7.0	7.2
148	RB	Chris Ivory	NYJ	11	6.9	9.3	6.3	7.3	6.8	0.0	7.0	5.4	6.6	7.4	6.8	5.5	8.3	7.4	9.1	5.3	6.6	5.6
149	WR	John Brown	ARI	9	6.9	8.7	7.6	6.4	8.0	6.0	7.3	8.5	5.5	0.0	4.8	8.1	5.2	6.6	6.6	7.7	6.9	5.9
150	PK	Shaun Suisham	PIT	8	6.8	6.1	7.5	6.1	7.5	6.1	7.5	6.1	7.5	7.5	7.5	0.0	6.1	7.5	6.1	7.5	6.1	6.1
151	WR	Golden Tate	DET	10	6.8	5.0	5.3	6.7	4.8	9.1	9.2	6.5	4.9	0.0	5.6	7.6	9.3	6.9	6.5	7.1	6.3	7.5
152	PK	Phil Dawson	SF	8	6.7	7.4	6.0	6.0	7.4	6.0	7.4	7.4	6.0	7.4	0.0	6.0	7.4	6.0	6.0	7.4	6.0	7.4
153	RB	Darren McFadden	DAL	7	6.6	8.8	5.8	7.8	7.1	6.4	0.0	7.2	5.8	7.1	6.2	6.6	7.2	5.5	6.5	6.0	5.4	6.8
154	TE	Zach Ertz	PHI	4	6.6	7.0	8.0	5.5	6.3	7.8	7.1	5.2	0.0	6.5	5.8	8.2	5.4	5.7	5.5	8.3	7.7	5.8
155	RB	Ameer Abdullah	DET	10	6.5	6.6	6.5	5.4	4.5	6.6	7.1	7.9	6.7	0.0	6.3	7.6	6.8	7.7	5.5	6.8	6.0	5.8
156	QB	Luke McCown	NO	5	6.4	6.4	7.8	4.9	7.5	6.6	8.2	5.0	6.7	6.4	6.0	0.0	5.8	6.0	6.3	6.2	6.5	6.7
157	RB	Giovani Bernard	CIN	9	6.4	6.5	8.4	4.9	8.6	5.8	5.5	0.0	5.0	9.1	6.6	5.7	7.1	7.4	6.2	5.1	4.7	5.9
158	PK	Shayne Graham	NO	5	6.4	5.8	7.0	5.8	7.0	5.8	7.0	5.8	7.0	7.0	5.8	0.0	5.8	7.0	5.8	7.0	7.0	5.8
159	PK	Jay Feely	ARI	9	6.3	6.9	5.7	6.9	6.9	5.7	5.7	6.9	5.7	0.0	5.7	6.9	5.7	5.7	6.9	5.7	6.9	6.9
160	PK	Michael Koenen	TB	6	6.3	6.9	5.7	5.7	6.9	6.9	0.0	5.7	5.7	6.9	6.9	5.7	5.7	6.9	6.9	5.7	6.9	5.7
161	RB	Matt Jones	WAS	9	6.3	7.6	6.6	6.8	6.7	6.0	4.6	7.1	0.0	5.0	8.2	5.6	8.3	6.0	5.6	6.3	5.5	4.9
162	PK	Nick Folk	NYJ	11	6.2	6.8	5.6	6.8	5.6	0.0	6.8	5.6	5.6	6.8	6.8	5.6	6.8	5.6	6.8	5.6	6.8	5.6
163	WR	Tyler Lockett	SEA	5	6.2	5.7	4.9	8.1	6.3	5.8	6.1	4.5	6.3	0.0	8.0	5.5	7.8	4.7	6.0	5.8	6.9	6.5
164	RB	Bilal Powell	NYJ	11	6.1	8.2	5.6	6.5	6.1	0.0	6.2	4.8	5.9	6.5	6.1	4.9	7.4	6.6	8.1	4.7	5.9	5.0
165	RB	Karlos Williams	BUF	10	6.1	6.9	6.0	6.2	8.2	6.8	7.1	5.5	0.0	7.6	4.6	4.9	6.5	6.1	5.4	5.2	5.9	5.6
166	WR	Michael Floyd	ARI	9	6.0	7.7	6.7	5.6	7.0	5.2	6.4	7.5	4.8	0.0	4.2	7.1	4.6	5.8	5.8	6.8	6.1	5.2
167	WR	DeSean Jackson	WAS	9	6.0	5.2	6.4	5.2	7.6	6.3	4.9	7.3	0.0	5.1	7.0	4.6	6.3	7.1	6.1	4.9	6.2	5.8
168	TE	Martellus Bennett	CHI	9	6.0	6.3	8.4	4.4	7.0	4.5	5.4	0.0	6.0	4.6	6.0	6.2	5.2	5.8	7.8	4.9	6.8	6.6
169	WR	Dorial Green-Beckham	TEN	13	6.0	6.4	4.7	6.2	0.0	5.2	5.5	8.2	5.8	6.1	6.1	5.3	6.6	6.5	5.2	5.5	7.1	5.0
170	WR	Vincent Jackson	TB	6	5.9	5.9	5.6	5.3	5.5	5.9	0.0	5.5	6.1	6.2	6.9	6.0	4.6	7.5	6.8	5.1	7.3	4.5
171	PK	Shane Lechler	HOU	9	5.9	6.5	5.3	6.5	5.3	6.5	5.3	5.3	6.5	0.0	5.3	6.5	6.5	5.3	6.5	5.3	5.3	6.5
172	RB	Ronnie Hillman	DEN	11	5.9	5.0	5.9	3.8	7.0	5.5	6.3	0.0	6.8	5.2	7.3	5.1	5.5	5.8	6.7	4.2	6.5	7.1
173	RB	Jay Ajayi	MIA	8	5.8	5.1	5.4	6.2	5.5	0.0	6.7	6.1	4.9	5.0	5.4	5.8	4.5	5.4	8.1	6.3	6.9	5.9
174	RB	Frank Gore	IND	10	5.8	4.8	5.3	6.5	6.4	4.8	5.7	7.7	5.2	5.0	0.0	5.6	6.7	4.4	5.2	5.8	5.9	7.9
175	PK	Rian Lindell	FA	12	5.8	5.8	5.8	5.8	5.8	5.8	5.8	5.8	5.8	5.8	5.8	5.8	0.0	5.8	5.8	5.8	5.8	5.8
176	RB	DeAngelo Williams	PIT	8	5.7	4.6	5.4	5.0	5.2	6.0	6.0	6.1	6.7	6.9	7.9	0.0	4.1	6.5	5.5	5.0	4.2	6.5
177	WR	Devin Funchess	CAR	7	5.7	4.7	6.2	6.6	5.6	0.0	3.6	7.1	5.4	5.3	4.7	6.5	5.5	5.4	7.2	4.9	5.9	6.9
178	WR	DeVante Parker	MIA	8	5.7	5.7	5.1	5.0	6.0	0.0	5.0	6.7	5.2	4.1	6.3	7.2	4.9	6.9	6.4	4.1	5.8	6.3
179	RB	Rashad Jennings	NYG	8	5.7	4.6	6.9	6.0	4.8	5.5	5.2	5.6	6.3	5.5	5.7	0.0	4.9	5.3	5.9	6.4	6.0	6.3
180	WR	Donte Moncrief	IND	10	5.7	4.0	5.9	4.9	6.1	5.4	6.2	7.0	4.6	5.5	0.0	6.2	7.3	5.9	5.0	6.6	4.2	6.0
181	RB	Javorius Allen	BAL	8	5.7	3.9	5.5	6.5	4.2	7.7	4.3	4.8	7.1	0.0	6.1	5.9	6.3	5.6	4.9	7.3	5.2	5.3
182	WR	Victor Cruz	NYG	8	5.6	5.5	7.3	6.5	3.8	4.8	5.9	6.7	5.4	5.6	5.9	0.0	5.4	5.6	4.0	5.4	4.1	7.2
183	WR	Steve Smith	BAL	8	5.5	4.6	5.2	6.7	6.1	5.5	4.3	6.2	5.2	0.0	6.3	6.6	4.5	4.4	4.9	5.0	7.4	5.5
184	WR	Nelson Agholor	PHI	4	5.5	5.9	6.6	4.5	5.3	6.5	5.9	4.3	0.0	5.4	4.8	6.8	4.5	4.8	4.6	6.9	6.4	4.8
185	PK	Mike Nugent	CIN	9	5.5	5.0	6.0	5.0	6.0	6.0	5.0	0.0	5.0	6.0	6.0	5.0	6.0	5.0	6.0	5.0	5.0	6.0
186	WR	Michael Crabtree	OAK	10	5.5	6.8	7.1	4.6	6.4	5.7	0.0	4.3	6.2	6.1	5.5	5.0	5.2	5.0	4.7	5.8	5.2	4.1
187	WR	Kevin White	CHI	9	5.5	5.8	7.7	4.0	6.4	4.1	5.0	0.0	5.5	4.3	5.5	5.7	4.7	5.3	7.2	4.5	6.2	6.1
188	WR	Stefon Diggs	MIN	6	5.5	4.2	5.8	5.0	4.5	0.0	4.8	4.8	6.1	6.4	5.0	5.6	6.3	4.7	6.0	7.5	6.3	4.5
189	QB	Derek Anderson	CAR	7	5.5	4.5	6.0	6.3	5.4	0.0	3.5	6.8	5.2	5.0	4.5	6.2	5.2	5.2	6.9	4.7	5.6	6.6
190	WR	Willie Snead	NO	5	5.5	4.8	5.9	6.0	4.0	5.4	5.3	5.1	7.2	5.2	5.7	0.0	6.6	6.4	5.0	3.8	3.8	7.0
191	WR	Tavon Austin	LA	8	5.4	4.5	5.4	6.9	5.8	4.4	0.0	5.2	4.9	4.2	7.2	5.3	5.1	7.1	5.6	7.0	3.7	4.0
192	QB	Josh McCown	CLE	13	5.4	4.7	5.8	5.9	3.9	5.3	5.2	5.0	7.1	5.1	5.6	0.0	6.5	6.2	4.9	3.7	3.8	6.9
193	WR	Breshad Perriman	BAL	8	5.3	4.4	5.0	6.5	5.8	5.3	4.1	6.0	4.9	0.0	6.0	6.4	4.4	4.2	4.7	4.8	7.1	5.3
194	TE	Jason Witten	DAL	7	5.2	5.7	5.6	6.9	5.2	5.6	0.0	4.7	4.3	6.8	5.4	3.8	5.1	5.1	4.1	5.4	3.6	6.2
195	WR	Ted Ginn Jr	ARI	9	5.2	6.6	5.8	4.8	6.1	4.5	5.6	6.5	4.2	0.0	3.7	6.2	4.0	5.0	5.0	5.9	5.3	4.5
196	TE	Eric Ebron	DET	10	5.2	3.9	4.1	5.2	3.7	7.0	7.1	5.0	3.7	0.0	4.3	5.8	7.2	5.3	5.0	5.4	4.8	5.8
197	WR	Anquan Boldin	SF	8	5.1	4.7	5.3	5.4	5.0	4.6	6.1	4.2	4.7	6.9	0.0	3.5	6.6	5.5	3.9	5.8	4.3	5.8
198	WR	Travis Benjamin	CLE	13	5.1	4.4	5.5	5.6	3.7	5.1	5.0	4.8	6.7	4.8	5.3	0.0	6.2	5.9	4.6	3.5	3.6	6.5
199	PK	Nick Novak	SD	11	5.0	5.5	4.5	4.5	5.5	5.5	4.5	5.5	4.5	5.5	0.0	5.5	4.5	5.5	4.5	5.5	4.5	4.5
200	TE	Antonio Gates	SD	11	5.0	5.4	5.0	4.0	5.0	6.7	4.2	5.7	5.2	6.9	0.0	4.5	4.6	5.1	3.7	4.8	4.7	4.2
201	WR	Brandon LaFell	NE	9	4.9	6.4	3.6	5.4	0.0	5.2	4.2	5.3	4.6	6.2	4.6	4.4	4.0	6.8	4.8	5.4	4.3	3.8
202	WR	Markus Wheaton	PIT	8	4.9	4.6	4.6	4.8	6.2	3.7	6.7	3.6	5.9	5.6	4.9	0.0	3.5	5.2	4.8	5.0	5.0	4.0
203	RB	Ryan Mathews	PHI	4	4.7	4.6	4.6	3.5	4.0	6.3	6.4	4.3	0.0	3.7	5.9	5.5	3.3	3.8	4.8	5.0	4.9	5.2
204	RB	David Cobb	TEN	13	4.7	4.4	5.2	5.3	0.0	4.7	5.7	5.5	3.8	5.0	5.1	4.1	5.6	5.1	3.5	3.7	4.6	4.3
205	RB	Duke Johnson	CLE	13	4.6	3.6	6.6	5.8	5.0	3.5	4.2	4.2	5.1	4.6	3.7	0.0	4.3	5.7	4.6	3.5	5.2	4.5
206	WR	Jamison Crowder	WAS	9	4.5	3.9	4.9	3.9	5.7	4.8	3.7	5.5	0.0	3.9	5.3	3.5	4.8	5.4	4.6	3.7	4.7	4.4
207	RB	Charles Sims	TB	6	4.5	5.9	4.7	3.5	4.8	4.7	0.0	3.7	4.2	5.8	4.2	3.8	4.0	5.1	5.7	3.8	4.8	3.9
208	WR	Pierre Garcon	WAS	9	4.5	3.9	4.8	3.9	5.7	4.7	3.7	5.5	0.0	3.8	5.3	3.5	4.8	5.3	4.6	3.7	4.7	4.4
209	RB	Cameron Artis-Payne	CAR	7	4.5	3.8	4.3	5.6	4.0	0.0	3.1	4.6	4.8	5.2	4.7	4.4	3.4	4.6	5.1	4.7	4.1	4.9
210	TE	Ladarius Green	SD	11	4.4	4.8	4.4	3.6	4.4	5.9	3.8	5.1	4.6	6.2	0.0	4.0	4.1	4.5	3.3	4.3	4.2	3.7
211	PK	Josh Scobee	JAC	5	4.4	4.4	4.4	4.4	4.4	4.4	4.4	4.4	0.0	4.4	4.4	4.4	4.4	4.4	4.4	4.4	4.4	4.4
212	TE	Kyle Rudolph	MIN	6	4.4	3.3	4.7	4.0	3.6	0.0	3.9	3.8	4.9	5.2	4.0	4.5	5.0	3.8	4.8	6.0	5.1	3.7
213	RB	LeGarrette Blount	NE	9	4.4	4.2	3.7	4.9	0.0	3.5	4.2	4.1	5.6	4.6	4.9	4.6	3.2	4.9	3.7	6.1	3.4	4.5
214	TE	Zach Miller	CHI	9	4.3	4.6	6.0	3.2	5.0	3.2	3.9	0.0	4.3	3.4	4.3	4.5	3.7	4.2	5.7	3.5	4.9	4.8
215	TE	Heath Miller	PIT	8	4.3	4.1	4.1	4.2	5.4	3.3	5.9	3.1	5.2	4.9	4.3	0.0	3.1	4.6	4.3	4.4	4.4	3.5
216	RB	Tevin Coleman	ATL	11	4.3	4.5	4.5	3.2	4.1	4.3	4.5	4.6	4.7	3.2	0.0	4.7	5.2	3.9	3.7	3.7	4.5	5.4
217	QB	Jason Campbell	CIN	9	4.2	3.9	3.8	4.3	3.7	3.6	3.1	0.0	4.5	4.1	5.1	4.6	4.9	3.4	5.5	3.2	3.4	5.2
218	WR	Phillip Dorsett	IND	10	4.1	2.9	4.3	3.6	4.4	3.9	4.5	5.1	3.4	4.0	0.0	4.6	5.3	4.3	3.6	4.8	3.1	4.4
219	PK	Lawrence Tynes	FA	12	4.1	4.1	4.1	4.1	4.1	4.1	4.1	4.1	4.1	4.1	4.1	4.1	0.0	4.1	4.1	4.1	4.1	4.1
220	WR	Danny Amendola	NE	9	4.0	5.2	2.9	4.4	0.0	4.2	3.4	4.3	3.8	5.0	3.8	3.6	3.3	5.5	3.9	4.4	3.6	3.1
221	WR	Davante Adams	GB	4	4.0	4.6	3.5	3.6	3.1	4.8	3.7	0.0	3.3	3.5	4.4	3.2	5.6	3.6	5.3	3.8	4.5	3.9
222	WR	James Jones	OAK	10	4.0	5.0	5.2	3.4	4.7	4.2	0.0	3.1	4.6	4.5	4.0	3.7	3.8	3.7	3.4	4.3	3.8	3.0
223	WR	Miles Austin	PHI	4	4.0	4.2	4.8	3.3	3.8	4.7	4.3	3.1	0.0	3.9	3.5	4.9	3.2	3.4	3.3	5.0	4.6	3.5
224	RB	Alfred Morris	WAS	9	3.9	4.8	4.1	4.2	4.2	3.7	2.9	4.4	0.0	3.1	5.1	3.5	5.2	3.7	3.5	3.9	3.4	3.0
225	WR	Nate Washington	TEN	13	3.9	4.2	3.1	4.0	0.0	3.4	3.6	5.4	3.8	4.0	4.0	3.5	4.3	4.3	3.4	3.6	4.6	3.3
226	WR	Jeff Janis	GB	4	3.9	4.4	3.4	3.5	3.0	4.6	3.6	0.0	3.2	3.3	4.2	3.1	5.4	3.5	5.1	3.6	4.4	3.8
227	RB	Tim Hightower	WAS	9	3.8	4.7	4.0	4.1	4.1	3.7	2.8	4.4	0.0	3.0	5.0	3.4	5.1	3.6	3.5	3.8	3.3	3.0
228	WR	Justin Blackmon	JAC	5	3.8	3.8	3.8	3.8	3.8	3.8	3.8	3.8	0.0	3.8	3.8	3.8	3.8	3.8	3.8	3.8	3.8	3.8
229	WR	Ty Montgomery	GB	4	3.8	4.3	3.3	3.4	3.0	4.6	3.5	0.0	3.2	3.3	4.2	3.1	5.3	3.4	5.0	3.6	4.3	3.7
230	WR	Malcom Floyd	SD	11	3.8	4.1	3.8	3.1	3.8	5.1	3.2	4.3	3.9	5.3	0.0	3.4	3.5	3.9	2.8	3.7	3.6	3.2
231	RB	Isaiah Crowell	CLE	13	3.8	3.0	5.4	4.8	4.1	2.9	3.4	3.5	4.2	3.8	3.0	0.0	3.5	4.6	3.7	2.8	4.2	3.7
232	WR	Devin Aromashodu	MIN	6	3.7	2.9	4.0	3.4	3.1	0.0	3.3	3.3	4.2	4.4	3.4	3.8	4.3	3.2	4.1	5.1	4.3	3.1
233	QB	Kellen Clemens	SD	11	3.7	4.1	3.7	3.0	3.7	5.0	3.2	4.3	3.9	5.2	0.0	3.4	3.5	3.8	2.7	3.6	3.5	3.1
234	RB	Andre Ellington	ARI	9	3.7	5.1	3.5	3.6	4.1	2.6	2.9	3.4	4.3	0.0	2.8	4.5	3.0	3.3	4.8	3.4	4.7	3.4
235	WR	Marques Colston	NO	5	3.7	3.7	4.4	2.8	4.3	3.8	4.7	2.9	3.9	3.7	3.4	0.0	3.3	3.5	3.6	3.6	3.7	3.8
236	RB	Theo Riddick	DET	10	3.7	3.7	3.6	3.1	2.6	3.7	4.0	4.5	3.8	0.0	3.5	4.3	3.9	4.3	3.1	3.8	3.4	3.3
237	RB	Chris Johnson	ARI	9	3.6	5.0	3.4	3.5	4.0	2.6	2.9	3.4	4.2	0.0	2.7	4.4	2.9	3.3	4.7	3.3	4.6	3.3
238	TE	Blake Bell	SF	8	3.6	3.3	3.7	3.8	3.5	3.3	4.3	3.0	3.3	4.8	0.0	2.4	4.7	3.9	2.8	4.1	3.0	4.1
239	RB	Jerick McKinnon	MIN	6	3.6	2.8	3.1	4.6	2.6	0.0	4.7	2.5	3.3	3.9	3.6	4.4	3.5	3.2	3.1	4.1	4.9	3.6
240	WR	Jerricho Cotchery	CAR	7	3.6	3.0	3.9	4.2	3.6	0.0	2.3	4.5	3.4	3.3	2.9	4.1	3.5	3.4	4.6	3.1	3.7	4.3
241	TE	Brent Celek	PHI	4	3.6	3.8	4.3	3.0	3.5	4.3	3.9	2.8	0.0	3.6	3.2	4.5	2.9	3.1	3.0	4.5	4.2	3.2
242	WR	Dwayne Bowe	CLE	13	3.6	3.1	3.9	3.9	2.6	3.6	3.5	3.4	4.7	3.4	3.8	0.0	4.4	4.2	3.3	2.5	2.5	4.6
243	TE	Dallas Clark	TB	6	3.6	3.5	3.3	3.2	3.3	3.6	0.0	3.3	3.7	3.7	4.1	3.6	2.8	4.5	4.1	3.1	4.4	2.7
244	WR	Jason Avant	KC	5	3.5	3.6	3.6	3.0	3.5	4.9	2.8	4.7	3.8	0.0	2.9	2.7	3.2	3.3	3.3	3.7	3.5	4.0
245	QB	Trent Edwards	OAK	10	3.5	4.4	4.6	3.0	4.1	3.7	0.0	2.8	4.0	4.0	3.6	3.2	3.3	3.2	3.0	3.7	3.4	2.6
246	WR	Deion Branch	NE	9	3.5	4.6	2.6	3.9	0.0	3.7	3.0	3.8	3.3	4.4	3.3	3.1	2.9	4.8	3.5	3.9	3.1	2.7
247	RB	Lance Dunbar	DAL	7	3.5	4.6	3.0	4.1	3.7	3.4	0.0	3.8	3.0	3.7	3.2	3.5	3.8	2.9	3.4	3.1	2.8	3.5
248	TE	Crockett Gillmore	BAL	8	3.5	2.9	3.2	4.2	3.8	3.5	2.7	3.9	3.2	0.0	3.9	4.1	2.8	2.7	3.0	3.1	4.6	3.4
249	WR	Nate Burleson	CLE	13	3.4	3.0	3.7	3.8	2.5	3.4	3.4	3.2	4.5	3.3	3.6	0.0	4.2	4.0	3.1	2.4	2.4	4.4
250	RB	James Starks	GB	4	3.4	3.2	3.1	4.6	2.7	3.7	4.5	0.0	2.5	3.2	3.0	3.6	3.9	2.4	3.4	3.5	3.0	4.4
